a <- c(1,2,4,5)
b <- c(2,0,5,1)
a > b
